-20130618144510
-20130618144512
-20130618144518
-20130618144552
-20130618144558
-20130618144630
-20130618144637
-20130624132801
-20130624132807
-20130624133101
-20130624133125
-20130624133128
-20130624133132
-20130624133144
-20130624133148
-20130624133448
-20130624133453
-20130624133459
-20130624133502
-20130624140718
-20130624140744
-20130624140753
-20130625083836
-20130625083846
-20130625085007
-20130625085012
-20130625085326
-20130625085335
-20130625085341
-20130625085423
-20130625093351
-20130625093359
-20130625093536
-20130625093540
-20130625093544
-20130625093554
-20130625093611
-20130625093740
-20130625093743
-20130625093752
-20130625093755
-20130625093757
-20130625093907
-20130625093923
-20130625094132
-20130625094135
-20130626092715
-20130626092907
-20130626092911
-20130626092918
-20130626093058
-20130626093109
-20130626093111
-20130626093116
-20130701102700
-20130701102706
